%YAML:1.0

type: stereo

frames:
#  start: 10
#  stop: 650
#  rate: 2
  start: 40
  stop: 730
  rate: 3

calib:
#  focal: 4.5910899686599032e+02
#  cu1: 6.6126214599609375e+02
#  cv1: 1.9180764007568359e+02
#  cu2: 6.6126214599609375e+02
#  cv2: 1.9180764007568359e+02

  f1:  5.8427671266818811e+02
  f2:  5.8427671266818811e+02
  cu1: 3.923408737182617e+02
  cv1: 2.5055743026733398e+02
  cu2: 3.3879293823242188e+02
  cv2: 2.5055743026733398e+02

#  f1: 5.3107751464843750e+02
#  f2: 5.7215582275390625e+02
#  cu1: 4.1131397045454651e+02
#  cv1: 2.5241080961202533e+02
#  cu2: 4.1131397045454651e+02
#  cv2: 2.5241080961202533e+02

  baseline: 0.374980

  method: GN
  threshold: 3.0
  ransac: true

filter: MREKF

appendix: rec
