%YAML:1.0

type: mono

frames:

  start: 10
  stop: 730
  rate: 5

calib:

  #infrafred
#  fu:  4.6474627685546875e+02
#  fv:  4.8717510986328125e+02
#  cu:  3.4425657319192396e+02
#  cv:  2.2738993880478847e+02

  #visible
  fu:  5.3107751464843750e+02
  fv:  5.7215582275390625e+02
  cu: 4.1131397045454651e+02
  cv: 2.5241080961202533e+02

  method: LM
  threshold: 0.5
  ransac: true
  baseline: 0.537151

filter: MREKF

appendix: rec
